APIKEY=f45706d057c5cd06cd01caf55ebde9d8
LAT=30.3066465
LON=-97.7278899
